2 401 274 5
191 118 0
186 109 0
178 120 0
204 125 0
190 127 0
196 113 0
-55 187 1
-47 197 1
-60 200 1
-64 193 1
-182 51 2
-182 40 2
-180 47 2
-174 43 2
-96 -163 3
-80 -142 3
-73 -158 3
-66 -183 3
-76 -206 3
-132 -206 3
-172 -203 3
-212 -178 3
-186 -123 3
-181 -121 3
-156 -119 3
-137 -118 3
-126 -119 3
340 -199 4
344 -170 4
354 -152 4
363 -139 4
374 -152 4
378 -178 4
350 -214 4
330 -235 4
323 -243 4
304 -249 4
276 -261 4
273 -260 4
281 -234 4
294 -216 4
300 -209 4
285 -166 4
261 -157 4
231 -142 4
222 -142 4
229 -164 4
257 -179 4
270 -193 4
289 -149 4
287 -123 4
295 -102 4
309 -90 4
325 -40 4
330 -25 4
346 -43 4
350 -72 4
352 -81 4
